171
64 4
576 4
640 4
1024 4
1152 4
4160 4
4352 4
4672 4
4736 4
6272 4
6400 4
9216 4
9344 4
10240 4
10368 4
16384 4
16640 4
18432 4
18688 4
32768 1
32832 1
294912 1
295488 1
327680 1
328320 1
524288 1
525312 1
589824 1
590976 1
2129920 1
2134080 1
2228224 1
2232576 1
2392064 1
2396736 1
2424832 1
2429568 1
3211264 1
3217536 1
3276800 1
3283200 1
4718592 1
4727808 1
4784128 1
4793472 1
5242880 1
5253120 1
5308416 1
5318784 1
8388608 1
8404992 1
8519680 1
8536320 1
9437184 1
9455616 1
9568256 1
9586944 1
16809984 1
16810048 1
17072128 1
17072704 1
17104896 1
17105536 1
17301504 1
17302528 1
17367040 1
17368192 1
18907136 1
18911296 1
19005440 1
19009792 1
19169280 1
19173952 1
19202048 1
19206784 1
19988480 1
19994752 1
20054016 1
20060416 1
21495808 1
21505024 1
21561344 1
21570688 1
22020096 1
22030336 1
22085632 1
22096000 1
25165824 1
25182208 1
25296896 1
25313536 1
26214400 1
26232832 1
26345472 1
26364160 1
33554496 2
33555008 2
33555072 2
33555456 2
33555584 2
33558592 2
33558784 2
33559104 2
33559168 2
33560704 2
33560832 2
33563648 2
33563776 2
33564672 2
33564800 2
33570816 2
33571072 2
33572864 2
33573120 2
33587264 2
33849920 2
33882752 2
34079744 2
34145408 2
35688512 2
35787008 2
35951168 2
35984000 2
36771968 2
36837632 2
38282240 2
38347904 2
38807552 2
38873216 2
41959424 2
42090752 2
43010048 2
43141376 2
50331712 2
50332224 2
50332288 2
50332672 2
50332800 2
50335808 2
50336000 2
50336320 2
50336384 2
50337920 2
50338048 2
50340864 2
50340992 2
50341888 2
50342016 2
50348032 2
50348288 2
50350080 2
50350336 2
50364416 2
50626560 2
50659328 2
50855936 2
50921472 2
52461568 2
52559872 2
52723712 2
52756480 2
53542912 2
53608448 2
55050240 2
55115776 2
55574528 2
55640064 2
58720256 2
58851328 2
59768832 2
59899904 2
